22
0 67 37 54 53 80 25 63 43 83 61 20 38 73 88 50 93 62 49 50 75 82
39 0 88 83 31 42 63 0 86 63 25 53 58 49 26 76 52 64 30 53 17 9
72 71 0 92 83 12 38 28 12 36 28 81 49 12 12 69 71 99 36 61 53 54
19 5 83 0 12 77 85 26 40 99 64 90 12 48 86 3 14 61 73 99 59 32
60 89 29 75 0 56 49 26 56 83 45 16 60 18 38 34 77 29 34 36 31 44
38 44 5 5 3 0 77 9 53 98 44 57 23 48 12 93 71 74 28 25 18 88
3 17 78 91 35 79 0 93 38 63 71 98 10 47 3 27 1 37 10 55 75 74
25 23 98 0 53 56 23 0 18 49 84 17 22 28 13 11 21 39 57 56 92 71
64 58 14 1 18 55 33 80 0 49 66 98 60 46 82 52 49 58 87 39 87 87
12 12 12 56 31 17 81 46 65 0 84 85 12 12 8 3 28 38 94 24 6 55
27 0 13 73 10 96 25 8 16 4 0 33 61 29 41 61 90 38 78 70 13 79
99 56 17 74 70 52 13 67 33 22 42 0 18 23 21 68 83 47 65 60 73 78
41 92 86 60 2 95 89 77 95 51 92 60 0 46 32 11 89 70 86 61 55 81
62 31 40 93 89 98 21 94 72 73 32 31 32 0 51 92 22 57 5 82 63 37
15 85 60 7 48 28 49 67 56 30 96 20 17 48 0 96 68 24 38 37 16 37
38 27 13 41 97 16 89 71 22 28 37 90 77 36 58 0 69 48 99 25 87 35
25 73 29 98 40 91 53 70 76 88 88 17 13 58 15 11 0 54 15 54 8 37
56 26 0 45 60 45 71 19 36 38 18 77 86 70 18 44 80 0 20 10 24 60
67 48 41 37 26 23 99 79 3 17 73 58 18 50 83 75 97 52 0 77 40 95
53 68 94 17 13 91 41 93 25 21 63 2 39 51 92 73 16 95 73 0 66 67
82 30 91 16 34 21 84 60 97 61 71 62 43 16 29 81 71 0 41 56 0 88
14 80 15 63 24 53 7 78 24 30 28 75 70 72 37 61 51 23 5 60 74 0