17
0 97 73 60 22 30 5 17 84 0 9 24 9 75 65 6 20
25 0 18 92 38 32 46 15 40 3 26 39 12 14 6 73 50
70 64 0 15 67 57 41 42 42 53 21 27 90 31 37 22 68
51 58 39 0 30 54 76 13 47 95 44 40 72 5 74 10 95
91 6 49 27 0 94 64 27 52 73 26 23 92 15 30 71 37
33 13 66 72 8 0 90 38 70 92 26 1 94 71 83 17 67
97 71 58 54 80 71 0 48 71 30 68 27 55 93 29 25 97
19 34 6 26 95 92 72 0 90 44 49 67 69 79 26 61 41
86 23 1 97 63 50 27 1 0 90 75 68 28 42 82 93 99
30 82 98 59 80 18 88 14 49 0 13 49 89 47 3 55 29
67 93 30 99 39 1 99 65 43 74 0 38 38 67 89 91 24
84 57 12 16 73 12 33 54 61 22 32 0 79 90 90 2 28
9 59 47 28 12 91 30 28 31 55 12 77 0 66 54 78 30
98 83 8 80 20 5 0 31 46 60 11 6 12 0 55 35 29
62 75 93 81 74 62 85 48 61 80 79 22 33 69 0 47 64
21 7 75 7 83 26 88 88 74 91 67 54 29 57 54 0 36
76 46 47 52 69 60 39 12 40 18 82 60 7 53 85 91 0