20
0 30 56 67 64 22 4 57 5 20 47 54 26 63 41 34 21 0 52 59
39 0 50 11 86 81 19 16 19 53 60 26 97 83 22 14 89 66 98 87
98 73 0 87 8 22 86 73 50 76 40 85 10 90 44 95 97 92 98 27
54 9 97 0 28 71 16 77 54 91 63 83 10 82 15 77 19 58 44 79
98 61 7 46 0 70 72 28 59 61 91 6 71 46 13 23 10 96 26 69
28 98 70 35 87 0 20 69 88 5 97 68 41 37 14 10 56 94 51 27
52 94 36 40 47 49 0 90 33 54 52 94 27 12 79 18 44 45 35 66
39 56 6 38 55 16 25 0 9 53 90 8 28 70 63 73 56 2 72 67
28 65 18 47 76 57 72 63 0 86 46 62 82 66 41 4 24 36 79 58
74 24 65 42 44 25 96 32 42 0 65 83 61 9 49 55 82 72 49 38
2 46 54 21 9 4 19 68 96 89 0 88 68 6 57 37 47 36 99 18
8 36 43 96 68 77 92 47 21 27 86 0 1 32 49 51 7 96 75 58
93 77 42 43 11 38 38 56 17 40 51 85 0 52 63 66 16 43 77 21
95 4 48 28 1 80 84 46 70 99 54 44 2 0 96 47 77 21 40 84
42 85 65 89 76 60 81 93 75 23 68 21 32 42 0 87 68 2 14 62
90 1 56 83 10 83 71 32 13 99 56 34 40 47 28 0 87 25 86 6
11 78 34 50 1 90 99 90 3 17 40 88 87 77 45 76 0 76 17 69
50 41 54 41 38 55 96 89 75 25 95 34 74 0 41 28 68 0 40 34
17 50 10 22 99 75 43 27 94 58 44 59 65 53 15 39 34 9 0 58
5 43 32 13 38 39 68 50 12 29 26 99 94 35 94 87 53 39 96 0