24
0 69 57 33 6 18 74 40 97 17 65 3 86 64 21 35 82 54 32 54 38 1 84 76
93 0 68 38 79 83 0 22 39 80 33 92 6 97 29 66 49 40 57 42 76 95 43 50
17 40 0 23 66 75 95 80 46 13 44 81 12 64 38 32 39 54 36 32 40 0 66 27
44 8 46 0 62 19 67 80 27 72 99 79 90 29 4 50 7 97 71 26 67 28 96 89
54 83 97 23 0 37 60 95 40 40 67 76 54 42 2 53 31 60 57 9 90 98 2 10
93 53 63 39 54 0 36 76 50 51 64 39 63 7 80 58 46 71 72 57 13 56 15 12
89 94 6 82 6 89 0 29 27 32 6 1 2 28 77 6 98 18 73 80 47 65 39 52
44 29 24 4 28 76 69 0 87 97 68 80 85 19 75 4 46 8 83 4 25 99 3 17
44 28 66 50 17 55 55 84 0 91 35 17 41 66 97 33 48 16 96 5 86 9 56 11
72 21 75 30 72 52 62 51 24 0 73 72 91 46 47 71 56 41 96 27 86 25 91 12
39 17 13 87 61 55 70 1 3 92 0 82 14 10 65 25 3 29 50 31 19 16 1 81
38 49 14 59 80 47 97 32 5 19 36 0 86 32 12 11 33 81 38 16 5 78 38 91
66 42 49 74 45 76 70 24 49 34 49 80 0 12 90 21 79 43 47 36 98 6 68 85
34 12 93 69 1 54 67 31 43 42 10 74 12 0 27 69 32 58 22 77 49 73 79 52
51 50 61 84 51 62 79 47 93 45 21 13 16 66 0 45 69 13 55 1 28 9 68 61
24 48 63 68 40 36 92 65 19 18 31 23 34 32 97 0 92 65 67 67 30 5 58 39
75 84 67 61 59 32 29 14 79 30 10 36 31 74 95 34 0 32 87 17 33 84 86 38
90 49 5 92 60 73 25 16 97 70 3 66 13 4 54 3 71 0 77 11 23 76 0 85
73 29 33 20 57 24 3 39 77 37 42 80 87 97 85 0 49 95 0 99 80 5 78 97
46 42 15 99 35 7 91 93 75 31 96 17 22 82 12 78 59 63 6 0 68 6 85 9
77 12 42 1 87 61 73 96 60 71 35 36 33 61 13 10 63 22 65 35 0 74 68 27
90 92 76 57 10 61 51 69 96 35 59 94 95 20 70 93 51 74 31 46 80 0 35 14
50 76 90 84 2 99 98 68 29 97 89 92 6 20 50 31 24 7 66 9 14 10 0 52
5 90 56 76 44 74 10 14 83 53 37 11 85 79 43 63 84 31 93 60 33 51 88 0