23
0 15 99 91 82 59 70 86 11 77 23 44 19 40 76 4 58 93 13 44 34 31 78
7 0 42 87 74 75 93 29 43 73 11 33 82 26 23 39 65 19 75 89 26 36 91
66 95 0 33 83 27 67 54 52 19 47 96 86 20 26 91 80 8 36 46 20 94 6
81 81 50 0 81 70 89 25 45 58 3 21 1 89 16 35 19 84 40 11 86 78 77
9 12 26 79 0 92 18 55 31 44 15 96 64 23 16 50 26 49 58 39 82 60 23
13 65 86 51 31 0 17 69 30 38 77 26 58 51 12 30 75 32 33 73 8 25 49
76 32 20 48 61 2 0 27 12 77 9 96 15 46 48 98 92 2 72 80 92 47 66
99 81 92 4 12 56 67 0 18 85 91 92 27 67 9 49 85 93 70 83 47 79 9
93 49 74 27 86 88 83 9 0 65 49 53 38 51 41 76 83 72 33 22 78 87 51
80 53 86 62 6 31 34 85 22 0 15 77 16 67 36 94 78 20 5 58 87 58 89
28 85 31 10 78 85 28 39 45 56 0 62 38 18 78 33 19 62 39 8 89 16 83
16 63 20 98 94 10 39 32 66 64 9 0 74 74 5 19 74 27 81 38 48 26 18
27 42 10 50 15 72 6 32 25 35 25 50 0 18 92 46 10 49 32 92 62 80 38
48 5 90 28 82 4 74 86 56 40 99 4 99 0 81 9 89 99 47 12 96 92 71
7 27 79 25 74 82 80 20 84 82 50 94 71 26 0 69 45 89 89 79 61 20 40
86 87 64 94 16 70 88 78 54 22 6 36 94 10 68 0 43 16 21 68 2 20 50
74 61 5 79 35 10 20 0 96 40 11 53 41 79 76 14 0 27 73 30 9 41 63
50 69 70 31 13 29 62 74 29 55 27 33 2 62 13 81 34 0 41 29 14 31 34
98 31 24 78 72 64 74 10 59 0 8 50 44 30 78 88 49 85 0 6 76 18 18
59 34 5 29 38 41 78 92 78 98 40 20 71 95 83 64 50 80 48 0 30 52 58
93 32 24 99 61 96 62 14 19 51 89 48 48 96 23 70 91 60 91 17 0 44 88
26 19 9 53 75 76 36 83 21 84 3 8 82 25 66 59 94 16 86 86 59 0 87
15 4 70 99 36 55 58 92 44 96 53 40 20 67 21 9 3 77 68 20 77 36 0